42
77 79
62 69 38
17 1 38 74
62 63 30 60 21
23 93 19 18 60 65
2 45 96 49 20 58 2
68 26 72 54 74 10 77 72
88 45 45 13 70 71 3 20 26
92 22 17 46 24 82 62 86 52 3
39 32 82 13 49 80 14 33 12 1 8
89 20 83 48 35 48 73 5 90 93 98 24
70 56 97 40 56 43 43 10 67 21 6 37 4
5 32 96 33 55 38 91 18 18 3 1 34 98 89
34 88 80 62 10 41 7 12 56 51 39 58 89 68 91
40 67 13 45 8 30 16 77 72 34 54 7 6 51 53 95
6 57 54 9 21 86 58 96 96 32 92 76 44 93 97 49 23
27 77 35 88 89 90 58 18 11 8 28 56 34 1 60 2 55 33
34 59 69 54 8 17 49 75 38 39 33 78 37 4 84 78 74 18
7 17 67 95 91 10 78 30 39 62 30 31 74 88 60 96 14 63 57 23
26 70 39 14 20 78 77 29 91 51 49 23 86 83 48 16 33 39 67 59 76
78 77 86 44 6 65 44 17 40 89 20 20 51 91 37 77 52 74 12 32 48 38
88 12 7 45 90 40 44 62 75 96 98 47 47 92 53 70 14 12 33 11 50 61 29
2 35 91 10 38 81 64 54 26 27 40 89 74 37 61 75 3 73 78 14 24 22 4 44
44 24 82 60 0 98 36 88 27 82 4 10 98 29 6 81 11 41 71 19 7 3 78 33 52
37 29 38 72 47 5 80 30 47 65 14 98 3 54 28 90 51 62 91 32 51 76 74 67 96 2
82 50 84 36 41 45 49 8 62 68 98 15 80 77 24 79 50 63 91 82 8 86 43 29 55 40 87
1 60 55 71 75 44 22 30 46 11 24 68 49 95 92 59 92 36 82 14 7 72 26 10 75 14 94 7